<html>
<head><meta charset="utf-8" /></head>
<body>
    <div>                        <script type="text/javascript">window.PlotlyConfig = {MathJaxConfig: 'local'};</script>
        <script src="https://cdn.plot.ly/plotly-2.12.1.min.js"></script>                <div id="c9f68eb8-90a3-4e4e-af08-0efbaa3b2a6a" class="plotly-graph-div" style="height:100%; width:100%;"></div>            <script type="text/javascript">                                    window.PLOTLYENV=window.PLOTLYENV || {};                                    if (document.getElementById("c9f68eb8-90a3-4e4e-af08-0efbaa3b2a6a")) {                    Plotly.newPlot(                        "c9f68eb8-90a3-4e4e-af08-0efbaa3b2a6a",                        [{"x":["Above_Median?","Area Size_Large-metro","Area Size_Mid-metro","Area Size_Non-metro_or_missing","Area Size_Small_metro","Average_Age_of_Beneficiaries","Average_HCC_Risk_Score_of_Beneficiaries","Gender_female","Gender_male","Median_Household_Income__2014","Medicare_FFS_Bene_Avg_HCC_Score__Fee_for_Service_2014","Medicare_FFS_Benef_Average_Age_Fee_for_Service_2014","Number_of_HCPCS","Number_of_Medicare_Beneficiaries","Standardized_Risk-Adjusted_Per_Capita_Medicare_Costs","chrg_allowed_amt_ratio","dpt_0","dpt_1","medicare_stnd_amt_bene","pcp_per_10k_pop_14","pct_65older_in_Deep_Poverty_14","pct_mdcr_Benef_Elig_Medcaid_14","pct_mdcr_FFS_Benef_Female_14","pct_mdcr_FF_benef_pop_14","physical_agent_pct","proxy_for_#_of_new_patients","pt_bene_ratio","pt_per_10k_pop_09","therapeutic_pct"],"y":["Above_Median?","Area Size_Large-metro","Area Size_Mid-metro","Area Size_Non-metro_or_missing","Area Size_Small_metro","Average_Age_of_Beneficiaries","Average_HCC_Risk_Score_of_Beneficiaries","Gender_female","Gender_male","Median_Household_Income__2014","Medicare_FFS_Bene_Avg_HCC_Score__Fee_for_Service_2014","Medicare_FFS_Benef_Average_Age_Fee_for_Service_2014","Number_of_HCPCS","Number_of_Medicare_Beneficiaries","Standardized_Risk-Adjusted_Per_Capita_Medicare_Costs","chrg_allowed_amt_ratio","dpt_0","dpt_1","medicare_stnd_amt_bene","pcp_per_10k_pop_14","pct_65older_in_Deep_Poverty_14","pct_mdcr_Benef_Elig_Medcaid_14","pct_mdcr_FFS_Benef_Female_14","pct_mdcr_FF_benef_pop_14","physical_agent_pct","proxy_for_#_of_new_patients","pt_bene_ratio","pt_per_10k_pop_09","therapeutic_pct"],"z":[[1.0,-0.027471168202904888,0.011755270591786018,0.02856311633968456,-7.135658974694789e-05,0.14733096369081553,0.10895743393410286,-0.1626050688267432,0.16260506882674333,-0.025079710170182692,0.07904395841488744,0.1193042778556023,0.36642367184931013,0.5589143722228069,0.16212899138316397,-0.07671716821323879,0.040389198742378646,-0.04038919874237841,0.3939820815087221,-0.08998046071190006,0.04562307072450154,-0.03435462724684328,0.06741003665300052,0.1530237011496066,0.21883213270177557,0.5670160256473269,-0.11190116788071618,-0.08079520640674792,-0.21883213259670556],[-0.027471168202904888,1.0,-0.621065528761191,-0.40026812297006176,-0.38633340193448795,0.11725651310912442,0.11623876341257552,0.026996947144502553,-0.026996947144502816,0.47705686045704765,0.38912321494623625,0.2256295955967961,-0.09802486684255002,-0.0799626318388259,0.1267493063257981,0.0730503205906668,-0.04641574769391453,0.04641574769391465,0.12867713078344187,0.15314434526757853,0.2192798400853438,-0.01754987100131266,0.3497565383258251,-0.4389970275514746,-0.05076904314307351,-0.10698757463573424,0.17205718745503215,0.0652193531029159,0.05076904309418154],[0.011755270591786018,-0.621065528761191,1.0,-0.18030250808491155,-0.17402555269427256,-0.03596823755872859,-0.05416007430608631,-0.017985268365666218,0.017985268365666114,-0.19406364783890814,-0.1297377698597752,-0.1010665336555741,0.03579103225506204,0.0352638749640483,-0.0732418635578597,-0.04782351004543973,0.023667937800089554,-0.02366793780008959,-0.07818319257467408,-0.04167609934447953,-0.11059584192954115,-0.014908712847186128,-0.06892524150706394,0.05894045458240604,-0.006196094194967388,0.037343933795501834,-0.11218811177411268,0.010667264224834994,0.006196094196089815],[0.02856311633968456,-0.40026812297006176,-0.18030250808491155,1.0,-0.11215705605929298,-0.06846925923280327,-0.0643530896786327,-0.010457633756631363,0.010457633756631486,-0.2903423754305152,-0.28304987848435376,-0.09730294031172952,0.05764387784290059,0.038667522523675425,-0.03737150018667745,-0.04497513355996221,0.020449524884397097,-0.02044952488439712,-0.03515653571582859,-0.19820620109333556,-0.08470541799896139,0.035808986634420545,-0.3096624260063307,0.424600900993709,0.07064116092661266,0.06688585306450706,-0.13376276444626173,-0.14277050557952953,-0.07064116089293296],[-7.135658974694789e-05,-0.38633340193448795,-0.17402555269427256,-0.11215705605929298,1.0,-0.07445562162502742,-0.05167197939940179,-0.009092017242109573,0.009092017242109722,-0.22436479687555586,-0.17521033778992598,-0.13436019610897051,0.05386183742146665,0.04408444114446568,-0.07033890160056779,-0.008617925999254037,0.023189975831278575,-0.023189975831278572,-0.06894375370121175,0.007278973078835238,-0.12349521915183954,0.013098916059435375,-0.16703926018763268,0.21108357082613113,0.020371659382257837,0.057095131048253686,0.007703311140572609,0.023576031193807433,-0.020371659337174015],[0.14733096369081553,0.11725651310912442,-0.03596823755872859,-0.06846925923280327,-0.07445562162502742,1.0,0.32737727262427807,0.039403283897575525,-0.03940328389757565,0.17298012315602737,0.07007486063315424,0.31334099646349906,-0.015584132971335688,0.07258407920281763,0.06866555532914552,-0.1493544370779864,0.022971223972319824,-0.022971223972319807,0.23811589178274503,0.09234549702316366,0.06218446017621308,-0.0966042060672542,0.1506083604707491,0.0018477048448586877,-0.06709676653781448,0.0899697135972003,0.13153080790820473,0.07334175635912701,0.06709676651469995],[0.10895743393410286,0.11623876341257552,-0.05416007430608631,-0.0643530896786327,-0.05167197939940179,0.32737727262427807,1.0,0.0032488967425609153,-0.00324889674256104,-0.016476389068208763,0.3068447576876645,0.06794113539435656,0.04453998521241049,0.04220341748490809,0.0827135889143181,-0.038768457117482405,0.03852801527487515,-0.03852801527487506,0.28070554160726563,-0.03860257612678077,0.17436760664632314,0.11332803402748902,0.1457205933901393,-0.005876186698226538,-0.027875316492853842,0.04123570758770174,0.03850783424302546,-0.052861447513306466,0.02787531647307021],[-0.1626050688267432,0.026996947144502553,-0.017985268365666218,-0.010457633756631363,-0.009092017242109573,0.039403283897575525,0.0032488967425609153,1.0,-0.9999999999999994,0.04996819633684008,-0.040392824474667285,0.009475120254817396,-0.002990331905401761,-0.1294916442317837,-0.027710766460743726,0.035244936726080214,-0.030224390933798414,0.030224390933798348,-0.12912386315197413,0.050557359391937236,-0.031188991767772883,-0.029726262851919715,0.01518748982667771,-0.0062130379661697694,-0.09377869760174005,-0.17149970731538655,0.052927103612255194,0.041048151887845274,0.09377869759434913],[0.16260506882674333,-0.026996947144502816,0.017985268365666114,0.010457633756631486,0.009092017242109722,-0.03940328389757565,-0.00324889674256104,-0.9999999999999994,1.0,-0.04996819633684037,0.04039282447466704,-0.00947512025481763,0.0029903319054018257,0.12949164423178405,0.02771076646074337,-0.03524493672608011,0.030224390933798386,-0.03022439093379837,0.12912386315197422,-0.050557359391937146,0.031188991767772636,0.029726262851919504,-0.015187489826678014,0.006213037966169718,0.09377869760174005,0.1714997073153866,-0.05292710361225462,-0.041048151887845365,-0.09377869759434887],[-0.025079710170182692,0.47705686045704765,-0.19406364783890814,-0.2903423754305152,-0.22436479687555586,0.17298012315602737,-0.016476389068208763,0.04996819633684008,-0.04996819633684037,1.0,-0.16464300842477234,0.5215928626867657,-0.0995789377323553,-0.08382591396254152,-0.010563636005464908,0.010651968322554876,-0.03890142514291268,0.03890142514291272,0.09311802754780242,0.40130352588843166,-0.23270843108385358,-0.3363785570869207,0.29260588933879245,-0.2280078087561653,-0.0560418816908042,-0.10936365239756066,0.37654877333437553,0.4375410395592748,0.05604188164814069],[0.07904395841488744,0.38912321494623625,-0.1297377698597752,-0.28304987848435376,-0.17521033778992598,0.07007486063315424,0.3068447576876645,-0.040392824474667285,0.04039282447466704,-0.16464300842477234,1.0,-0.01020728663790774,-0.019485240788118578,0.0435361557733767,0.17862467724301148,0.0628803318202891,0.016404790494543346,-0.016404790494543593,0.1611768024944657,-0.0515566855394788,0.5325526111001592,0.5631504089487347,0.47563868216721816,-0.24733171103130222,0.05685972010215714,0.018808224502646124,-0.21851340235051422,-0.19927655063450184,-0.056859720135855336],[0.1193042778556023,0.2256295955967961,-0.1010665336555741,-0.09730294031172952,-0.13436019610897051,0.31334099646349906,0.06794113539435656,0.009475120254817396,-0.00947512025481763,0.5215928626867657,-0.01020728663790774,1.0,-0.032962315850644894,0.06758304064166998,0.23644566758439578,-0.00199290838147057,-0.03142065671707106,0.03142065671707105,0.15104600909852126,0.24958784352664132,-0.007344725432273042,-0.4302678088037968,0.41106696001138077,0.090256634452094,0.02635590286411912,0.04440591957783563,0.14050959631362503,0.2800014439317316,-0.026355902886063445],[0.36642367184931013,-0.09802486684255002,0.03579103225506204,0.05764387784290059,0.05386183742146665,-0.015584132971335688,0.04453998521241049,-0.002990331905401761,0.0029903319054018257,-0.0995789377323553,-0.019485240788118578,-0.032962315850644894,1.0,0.413576767776091,0.10993754208679311,0.005021910660404832,-0.012317024549388293,0.012317024549388498,0.06483148809092792,-0.11915698620183472,-0.049282775599428896,-0.057782285937483156,-0.042203613047439796,0.11101957361200321,0.26033945372861356,0.35006657198839086,-0.1116847039710148,-0.12282830458465742,-0.2603394536168709],[0.5589143722228069,-0.0799626318388259,0.0352638749640483,0.038667522523675425,0.04408444114446568,0.07258407920281763,0.04220341748490809,-0.1294916442317837,0.12949164423178405,-0.08382591396254152,0.0435361557733767,0.06758304064166998,0.413576767776091,1.0,0.12943976195992424,-0.012994292872041782,0.04807913725054047,-0.04807913725054027,-0.02071023888031732,-0.11119333999913103,0.014712466245960558,-0.032225829428916705,-0.0028133345481582825,0.18002472264451938,0.1754520360205223,0.8771572193566487,-0.15642698493418,-0.10876885921948175,-0.17545203594416786],[0.16212899138316397,0.1267493063257981,-0.0732418635578597,-0.03737150018667745,-0.07033890160056779,0.06866555532914552,0.0827135889143181,-0.027710766460743726,0.02771076646074337,-0.010563636005464908,0.17862467724301148,0.23644566758439578,0.10993754208679311,0.12943976195992424,1.0,0.07182243391225827,-0.008426807675524478,0.00842680767552405,0.10908358327774251,-0.1367934802479573,-0.014210502048330935,-0.3494409820251133,0.2771048471484708,0.20995563855583452,0.05269826283133501,0.09720603983567451,-0.18715235313218148,-0.008282676716148187,-0.05269826281739224],[-0.07671716821323879,0.0730503205906668,-0.04782351004543973,-0.04497513355996221,-0.008617925999254037,-0.1493544370779864,-0.038768457117482405,0.035244936726080214,-0.03524493672608011,0.010651968322554876,0.0628803318202891,-0.00199290838147057,0.005021910660404832,-0.012994292872041782,0.07182243391225827,1.0,-0.005234682373786035,0.005234682373785605,-0.14583059165618825,0.03494862459822751,0.004617750174526554,-0.04617491670300723,0.1094299678777384,-0.0019130984675582885,-0.028552279607301476,-0.05670968185639005,0.008114080272315893,0.02236548850421986,0.028552279610894078],[0.040389198742378646,-0.04641574769391453,0.023667937800089554,0.020449524884397097,0.023189975831278575,0.022971223972319824,0.03852801527487515,-0.030224390933798414,0.030224390933798386,-0.03890142514291268,0.016404790494543346,-0.03142065671707106,-0.012317024549388293,0.04807913725054047,-0.008426807675524478,-0.005234682373786035,1.0,-0.9999999999999996,0.03725703979764237,0.0014588651809557104,0.023625022447211517,0.04660337180720252,-0.02094038309645728,0.026787324192373882,0.08905177342602742,0.07942195548796681,-0.0368852915231123,0.012027657493744268,-0.0890517734309226],[-0.04038919874237841,0.04641574769391465,-0.02366793780008959,-0.02044952488439712,-0.023189975831278572,-0.022971223972319807,-0.03852801527487506,0.030224390933798348,-0.03022439093379837,0.03890142514291272,-0.016404790494543593,0.03142065671707105,0.012317024549388498,-0.04807913725054027,0.00842680767552405,0.005234682373785605,-0.9999999999999996,1.0,-0.03725703979764228,-0.0014588651809559012,-0.023625022447211336,-0.046603371807202185,0.020940383096456492,-0.02678732419237439,-0.08905177342602726,-0.07942195548796659,0.036885291523112186,-0.012027657493744825,0.08905177343092252],[0.3939820815087221,0.12867713078344187,-0.07818319257467408,-0.03515653571582859,-0.06894375370121175,0.23811589178274503,0.28070554160726563,-0.12912386315197413,0.12912386315197422,0.09311802754780242,0.1611768024944657,0.15104600909852126,0.06483148809092792,-0.02071023888031732,0.10908358327774251,-0.14583059165618825,0.03725703979764237,-0.03725703979764228,1.0,0.014636363788830693,0.12256680743715784,0.022729787128835242,0.1504416764489932,0.012968321785980457,0.13028118419219342,0.12117822239746295,0.06208807919113429,0.024840619506832366,-0.13028118419969012],[-0.08998046071190006,0.15314434526757853,-0.04167609934447953,-0.19820620109333556,0.007278973078835238,0.09234549702316366,-0.03860257612678077,0.050557359391937236,-0.050557359391937146,0.40130352588843166,-0.0515566855394788,0.24958784352664132,-0.11915698620183472,-0.11119333999913103,-0.1367934802479573,0.03494862459822751,0.0014588651809557104,-0.0014588651809559012,0.014636363788830693,1.0,-0.03196909564139177,-0.023666418778045772,0.32611133331016057,-0.06022582188087732,-0.1086547997696286,-0.11093720755720547,0.44069380481039894,0.6424325003770466,0.10865479973651462],[0.04562307072450154,0.2192798400853438,-0.11059584192954115,-0.08470541799896139,-0.12349521915183954,0.06218446017621308,0.17436760664632314,-0.031188991767772883,0.031188991767772636,-0.23270843108385358,0.5325526111001592,-0.007344725432273042,-0.049282775599428896,0.014712466245960558,-0.014210502048330935,0.004617750174526554,0.023625022447211517,-0.023625022447211336,0.12256680743715784,-0.03196909564139177,1.0,0.48851661953179937,0.18307873850952638,-0.2128609262266824,0.026287267114747284,0.026561224085476665,-0.06496089309928998,-0.28059001707545733,-0.02628726714295724],[-0.03435462724684328,-0.01754987100131266,-0.014908712847186128,0.035808986634420545,0.013098916059435375,-0.0966042060672542,0.11332803402748902,-0.029726262851919715,0.029726262851919504,-0.3363785570869207,0.5631504089487347,-0.4302678088037968,-0.057782285937483156,-0.032225829428916705,-0.3494409820251133,-0.04617491670300723,0.04660337180720252,-0.046603371807202185,0.022729787128835242,-0.023666418778045772,0.48851661953179937,1.0,0.05443918195340625,-0.19169867997082124,0.03978297132946729,-0.004071757471959117,-0.12729779251569032,-0.24493815207905104,-0.03978297134771874],[0.06741003665300052,0.3497565383258251,-0.06892524150706394,-0.3096624260063307,-0.16703926018763268,0.1506083604707491,0.1457205933901393,0.01518748982667771,-0.015187489826678014,0.29260588933879245,0.47563868216721816,0.41106696001138077,-0.042203613047439796,-0.0028133345481582825,0.2771048471484708,0.1094299678777384,-0.02094038309645728,0.020940383096456492,0.1504416764489932,0.32611133331016057,0.18307873850952638,0.05443918195340625,1.0,-0.021074282020080982,-0.008742025104478695,-0.042488429580159186,0.06072285814962503,0.22511476503789848,0.00874202506234466],[0.1530237011496066,-0.4389970275514746,0.05894045458240604,0.424600900993709,0.21108357082613113,0.0018477048448586877,-0.005876186698226538,-0.0062130379661697694,0.006213037966169718,-0.2280078087561653,-0.24733171103130222,0.090256634452094,0.11101957361200321,0.18002472264451938,0.20995563855583452,-0.0019130984675582885,0.026787324192373882,-0.02678732419237439,0.012968321785980457,-0.06022582188087732,-0.2128609262266824,-0.19169867997082124,-0.021074282020080982,1.0,0.06371852538030229,0.17554830912273728,-0.2606374097229575,0.09002842607049587,-0.06371852535356619],[0.21883213270177557,-0.05076904314307351,-0.006196094194967388,0.07064116092661266,0.020371659382257837,-0.06709676653781448,-0.027875316492853842,-0.09377869760174005,0.09377869760174005,-0.0560418816908042,0.05685972010215714,0.02635590286411912,0.26033945372861356,0.1754520360205223,0.05269826283133501,-0.028552279607301476,0.08905177342602742,-0.08905177342602726,0.13028118419219342,-0.1086547997696286,0.026287267114747284,0.03978297132946729,-0.008742025104478695,0.06371852538030229,1.0,0.1842668541063295,-0.12673224537877112,-0.09314135796762457,-1.000000000000004],[0.5670160256473269,-0.10698757463573424,0.037343933795501834,0.06688585306450706,0.057095131048253686,0.0899697135972003,0.04123570758770174,-0.17149970731538655,0.1714997073153866,-0.10936365239756066,0.018808224502646124,0.04440591957783563,0.35006657198839086,0.8771572193566487,0.09720603983567451,-0.05670968185639005,0.07942195548796681,-0.07942195548796659,0.12117822239746295,-0.11093720755720547,0.026561224085476665,-0.004071757471959117,-0.042488429580159186,0.17554830912273728,0.1842668541063295,1.0,-0.15680559894687143,-0.11907718634481441,-0.1842668540398742],[-0.11190116788071618,0.17205718745503215,-0.11218811177411268,-0.13376276444626173,0.007703311140572609,0.13153080790820473,0.03850783424302546,0.052927103612255194,-0.05292710361225462,0.37654877333437553,-0.21851340235051422,0.14050959631362503,-0.1116847039710148,-0.15642698493418,-0.18715235313218148,0.008114080272315893,-0.0368852915231123,0.036885291523112186,0.06208807919113429,0.44069380481039894,-0.06496089309928998,-0.12729779251569032,0.06072285814962503,-0.2606374097229575,-0.12673224537877112,-0.15680559894687143,1.0,0.4373019909927927,0.12673224534833924],[-0.08079520640674792,0.0652193531029159,0.010667264224834994,-0.14277050557952953,0.023576031193807433,0.07334175635912701,-0.052861447513306466,0.041048151887845274,-0.041048151887845365,0.4375410395592748,-0.19927655063450184,0.2800014439317316,-0.12282830458465742,-0.10876885921948175,-0.008282676716148187,0.02236548850421986,0.012027657493744268,-0.012027657493744825,0.024840619506832366,0.6424325003770466,-0.28059001707545733,-0.24493815207905104,0.22511476503789848,0.09002842607049587,-0.09314135796762457,-0.11907718634481441,0.4373019909927927,1.0,0.09314135793847136],[-0.21883213259670556,0.05076904309418154,0.006196094196089815,-0.07064116089293296,-0.020371659337174015,0.06709676651469995,0.02787531647307021,0.09377869759434913,-0.09377869759434887,0.05604188164814069,-0.056859720135855336,-0.026355902886063445,-0.2603394536168709,-0.17545203594416786,-0.05269826281739224,0.028552279610894078,-0.0890517734309226,0.08905177343092252,-0.13028118419969012,0.10865479973651462,-0.02628726714295724,-0.03978297134771874,0.00874202506234466,-0.06371852535356619,-1.000000000000004,-0.1842668540398742,0.12673224534833924,0.09314135793847136,1.0]],"type":"heatmap"}],                        {"template":{"data":{"histogram2dcontour":[{"type":"histogram2dcontour","colorbar":{"outlinewidth":0,"ticks":""},"colorscale":[[0.0,"#0d0887"],[0.1111111111111111,"#46039f"],[0.2222222222222222,"#7201a8"],[0.3333333333333333,"#9c179e"],[0.4444444444444444,"#bd3786"],[0.5555555555555556,"#d8576b"],[0.6666666666666666,"#ed7953"],[0.7777777777777778,"#fb9f3a"],[0.8888888888888888,"#fdca26"],[1.0,"#f0f921"]]}],"choropleth":[{"type":"choropleth","colorbar":{"outlinewidth":0,"ticks":""}}],"histogram2d":[{"type":"histogram2d","colorbar":{"outlinewidth":0,"ticks":""},"colorscale":[[0.0,"#0d0887"],[0.1111111111111111,"#46039f"],[0.2222222222222222,"#7201a8"],[0.3333333333333333,"#9c179e"],[0.4444444444444444,"#bd3786"],[0.5555555555555556,"#d8576b"],[0.6666666666666666,"#ed7953"],[0.7777777777777778,"#fb9f3a"],[0.8888888888888888,"#fdca26"],[1.0,"#f0f921"]]}],"heatmap":[{"type":"heatmap","colorbar":{"outlinewidth":0,"ticks":""},"colorscale":[[0.0,"#0d0887"],[0.1111111111111111,"#46039f"],[0.2222222222222222,"#7201a8"],[0.3333333333333333,"#9c179e"],[0.4444444444444444,"#bd3786"],[0.5555555555555556,"#d8576b"],[0.6666666666666666,"#ed7953"],[0.7777777777777778,"#fb9f3a"],[0.8888888888888888,"#fdca26"],[1.0,"#f0f921"]]}],"heatmapgl":[{"type":"heatmapgl","colorbar":{"outlinewidth":0,"ticks":""},"colorscale":[[0.0,"#0d0887"],[0.1111111111111111,"#46039f"],[0.2222222222222222,"#7201a8"],[0.3333333333333333,"#9c179e"],[0.4444444444444444,"#bd3786"],[0.5555555555555556,"#d8576b"],[0.6666666666666666,"#ed7953"],[0.7777777777777778,"#fb9f3a"],[0.8888888888888888,"#fdca26"],[1.0,"#f0f921"]]}],"contourcarpet":[{"type":"contourcarpet","colorbar":{"outlinewidth":0,"ticks":""}}],"contour":[{"type":"contour","colorbar":{"outlinewidth":0,"ticks":""},"colorscale":[[0.0,"#0d0887"],[0.1111111111111111,"#46039f"],[0.2222222222222222,"#7201a8"],[0.3333333333333333,"#9c179e"],[0.4444444444444444,"#bd3786"],[0.5555555555555556,"#d8576b"],[0.6666666666666666,"#ed7953"],[0.7777777777777778,"#fb9f3a"],[0.8888888888888888,"#fdca26"],[1.0,"#f0f921"]]}],"surface":[{"type":"surface","colorbar":{"outlinewidth":0,"ticks":""},"colorscale":[[0.0,"#0d0887"],[0.1111111111111111,"#46039f"],[0.2222222222222222,"#7201a8"],[0.3333333333333333,"#9c179e"],[0.4444444444444444,"#bd3786"],[0.5555555555555556,"#d8576b"],[0.6666666666666666,"#ed7953"],[0.7777777777777778,"#fb9f3a"],[0.8888888888888888,"#fdca26"],[1.0,"#f0f921"]]}],"mesh3d":[{"type":"mesh3d","colorbar":{"outlinewidth":0,"ticks":""}}],"scatter":[{"fillpattern":{"fillmode":"overlay","size":10,"solidity":0.2},"type":"scatter"}],"parcoords":[{"type":"parcoords","line":{"colorbar":{"outlinewidth":0,"ticks":""}}}],"scatterpolargl":[{"type":"scatterpolargl","marker":{"colorbar":{"outlinewidth":0,"ticks":""}}}],"bar":[{"error_x":{"color":"#2a3f5f"},"error_y":{"color":"#2a3f5f"},"marker":{"line":{"color":"#E5ECF6","width":0.5},"pattern":{"fillmode":"overlay","size":10,"solidity":0.2}},"type":"bar"}],"scattergeo":[{"type":"scattergeo","marker":{"colorbar":{"outlinewidth":0,"ticks":""}}}],"scatterpolar":[{"type":"scatterpolar","marker":{"colorbar":{"outlinewidth":0,"ticks":""}}}],"histogram":[{"marker":{"pattern":{"fillmode":"overlay","size":10,"solidity":0.2}},"type":"histogram"}],"scattergl":[{"type":"scattergl","marker":{"colorbar":{"outlinewidth":0,"ticks":""}}}],"scatter3d":[{"type":"scatter3d","line":{"colorbar":{"outlinewidth":0,"ticks":""}},"marker":{"colorbar":{"outlinewidth":0,"ticks":""}}}],"scattermapbox":[{"type":"scattermapbox","marker":{"colorbar":{"outlinewidth":0,"ticks":""}}}],"scatterternary":[{"type":"scatterternary","marker":{"colorbar":{"outlinewidth":0,"ticks":""}}}],"scattercarpet":[{"type":"scattercarpet","marker":{"colorbar":{"outlinewidth":0,"ticks":""}}}],"carpet":[{"aaxis":{"endlinecolor":"#2a3f5f","gridcolor":"white","linecolor":"white","minorgridcolor":"white","startlinecolor":"#2a3f5f"},"baxis":{"endlinecolor":"#2a3f5f","gridcolor":"white","linecolor":"white","minorgridcolor":"white","startlinecolor":"#2a3f5f"},"type":"carpet"}],"table":[{"cells":{"fill":{"color":"#EBF0F8"},"line":{"color":"white"}},"header":{"fill":{"color":"#C8D4E3"},"line":{"color":"white"}},"type":"table"}],"barpolar":[{"marker":{"line":{"color":"#E5ECF6","width":0.5},"pattern":{"fillmode":"overlay","size":10,"solidity":0.2}},"type":"barpolar"}],"pie":[{"automargin":true,"type":"pie"}]},"layout":{"autotypenumbers":"strict","colorway":["#636efa","#EF553B","#00cc96","#ab63fa","#FFA15A","#19d3f3","#FF6692","#B6E880","#FF97FF","#FECB52"],"font":{"color":"#2a3f5f"},"hovermode":"closest","hoverlabel":{"align":"left"},"paper_bgcolor":"white","plot_bgcolor":"#E5ECF6","polar":{"bgcolor":"#E5ECF6","angularaxis":{"gridcolor":"white","linecolor":"white","ticks":""},"radialaxis":{"gridcolor":"white","linecolor":"white","ticks":""}},"ternary":{"bgcolor":"#E5ECF6","aaxis":{"gridcolor":"white","linecolor":"white","ticks":""},"baxis":{"gridcolor":"white","linecolor":"white","ticks":""},"caxis":{"gridcolor":"white","linecolor":"white","ticks":""}},"coloraxis":{"colorbar":{"outlinewidth":0,"ticks":""}},"colorscale":{"sequential":[[0.0,"#0d0887"],[0.1111111111111111,"#46039f"],[0.2222222222222222,"#7201a8"],[0.3333333333333333,"#9c179e"],[0.4444444444444444,"#bd3786"],[0.5555555555555556,"#d8576b"],[0.6666666666666666,"#ed7953"],[0.7777777777777778,"#fb9f3a"],[0.8888888888888888,"#fdca26"],[1.0,"#f0f921"]],"sequentialminus":[[0.0,"#0d0887"],[0.1111111111111111,"#46039f"],[0.2222222222222222,"#7201a8"],[0.3333333333333333,"#9c179e"],[0.4444444444444444,"#bd3786"],[0.5555555555555556,"#d8576b"],[0.6666666666666666,"#ed7953"],[0.7777777777777778,"#fb9f3a"],[0.8888888888888888,"#fdca26"],[1.0,"#f0f921"]],"diverging":[[0,"#8e0152"],[0.1,"#c51b7d"],[0.2,"#de77ae"],[0.3,"#f1b6da"],[0.4,"#fde0ef"],[0.5,"#f7f7f7"],[0.6,"#e6f5d0"],[0.7,"#b8e186"],[0.8,"#7fbc41"],[0.9,"#4d9221"],[1,"#276419"]]},"xaxis":{"gridcolor":"white","linecolor":"white","ticks":"","title":{"standoff":15},"zerolinecolor":"white","automargin":true,"zerolinewidth":2},"yaxis":{"gridcolor":"white","linecolor":"white","ticks":"","title":{"standoff":15},"zerolinecolor":"white","automargin":true,"zerolinewidth":2},"scene":{"xaxis":{"backgroundcolor":"#E5ECF6","gridcolor":"white","linecolor":"white","showbackground":true,"ticks":"","zerolinecolor":"white","gridwidth":2},"yaxis":{"backgroundcolor":"#E5ECF6","gridcolor":"white","linecolor":"white","showbackground":true,"ticks":"","zerolinecolor":"white","gridwidth":2},"zaxis":{"backgroundcolor":"#E5ECF6","gridcolor":"white","linecolor":"white","showbackground":true,"ticks":"","zerolinecolor":"white","gridwidth":2}},"shapedefaults":{"line":{"color":"#2a3f5f"}},"annotationdefaults":{"arrowcolor":"#2a3f5f","arrowhead":0,"arrowwidth":1},"geo":{"bgcolor":"white","landcolor":"#E5ECF6","subunitcolor":"white","showland":true,"showlakes":true,"lakecolor":"white"},"title":{"x":0.05},"mapbox":{"style":"light"}}}},                        {"responsive": true}                    )                };                            </script>        </div>
</body>
</html>